E
   _   C   A   A   G   C   A   A   T   T   G   A   C   A   A   C   T
   G   0   0   0   0   0   0   0   0   0   0   0   0   0   0   0   0
   A  -1  -1  -1   4   2   1   0  -1  -1   4   2   1   0  -1  -1  -1
   A  -2   4   4   3   3   8   7   5   4   3  10   8   7   6   5   4
   G  -2   4  10   8   7   9  14  12  11  10   9   9  14  13  11  10
   C  -2   3   9  16  14  13  13  13  11  17  15  14  13  13  12  10
   T   4   2   8  15  22  20  19  18  17  16  16  21  19  18  19  17
   C   3   3   7  14  21  21  19  25  24  22  21  20  20  18  18  25
   G   4   2   6  13  20  20  20  24  24  23  21  27  25  24  24  24
   C   3   3   5  12  19  19  19  23  23  30  28  27  26  25  24  23
   A   4   2   4  11  18  18  18  22  22  29  29  34  32  31  31  29
   T   3  10   8  10  17  23  23  21  21  28  34  33  40  38  37  36
   T   2   9   9   9  16  22  22  29  27  27  33  33  39  39  37  43
   A   1   8   8   8  15  21  21  28  35  33  32  32  38  38  38  43
   C   0   7  13  11  14  20  26  27  34  34  39  37  37  43  41  42
   A   4   6  12  12  17  19  25  26  33  33  38  45  43  42  49  47
   G   3  10  11  11  16  23  24  25  32  32  38  44  51  49  48  48

F
   _   C   A   A   G   C   A   A   T   T   G   A   C   A   A   C   T
   G   0  -1  -2  -2   4   3   2   1   0  -1   4   3   2   1   0  -1
   A   0  -1   4   4   3   3   8   7   6   5   4  10   9   8   7   6
   A   0  -1   4  10   9   8   9  14  13  12  11  10   9  14  13  12
   G   0  -1   2   8  16  15  14  13  13  12  17  16  15  14  13  12
   C   0   4   3   7  14  22  21  20  19  18  17  16  21  20  19  19
   T   0   2   3   6  13  20  21  20  25  24  23  22  21  20  19  18
   C   0   4   3   5  12  19  19  20  23  24  23  22  27  26  25  24
   G   0   2   3   4  11  18  18  18  22  22  30  29  28  27  26  25
   C   0   4   3   3  10  17  17  17  21  21  28  29  34  33  32  31
   A   0   2  10   9   9  16  23  23  22  21  27  34  33  40  39  38
   T   0   1   8   9   8  15  21  22  29  28  27  32  33  38  39  38
   T   0   0   7   7   8  14  20  20  28  35  34  33  32  37  37  38
   A   0  -1   6  13  12  13  20  26  26  33  34  39  38  37  43  42
   C   0   4   5  11  12  17  18  24  25  32  32  37  45  44  43  49
   A   0   2  10  11  10  15  23  24  24  31  31  38  43  51  50  49
   G   0   1   8   9  17  16  21  22  23  30  37  36  42  49  50  49

V
   _   C   A   A   G   C   A   A   T   T   G   A   C   A   A   C   T
   G   0   0   0   6   4   3   2   1   0   6   4   3   2   1   0   0
   A   0   6   6   4   5  10   9   7   6   5  12  10   9   8   7   6
   A   0   6  12  10   9  11  16  14  13  12  11  11  16  15  13  12
   G   0   4  10  18  16  15  14  15  13  19  17  16  15  15  14  12
   C   6   4   9  16  24  22  21  20  19  18  18  23  21  20  21  19
   T   4   5   8  15  22  23  21  27  26  24  23  22  22  20  19  27
   C   6   4   7  14  21  21  22  25  26  25  23  29  27  26  26  25
   G   4   5   6  13  20  20  20  24  24  32  30  29  28  27  26  25
   C   6   4   5  12  19  19  19  23  23  30  31  36  34  33  33  31
   A   4  12  10  11  18  25  25  23  22  29  36  34  42  40  39  38
   T   3  10  11  10  17  23  24  31  29  28  34  35  40  41  39  45
   T   2   9   9  10  16  22  22  30  37  35  34  33  39  39  40  45
   A   1   8  15  13  15  22  28  28  35  36  41  39  39  45  43  43
   C   6   7  13  14  19  20  26  27  34  34  39  47  45  44  51  49
   A   4  12  13  12  17  25  26  26  33  33  40  45  53  51  50  50
   G   3  10  11  19  17  23  24  25  32  39  38  44  51  52  50  49

A[0], B[0] : 53
E
   _   A   A   C   C   A   C   C   G   T   G   T   A   T   T   C   A
   G   0   0   0   0   0   0   0   0   0   0   0   0   0   0   0   0
   A  -1  -1  -1  -1  -1  -1  -1   4   2   4   2   1   0  -1  -1  -1
   A   4   4   2   1   4   2   1   3   3   3   3   8   6   5   4   4
   G   4  10   8   7   7   5   4   3   2   2   2   9   7   6   5  10
   C   3   9   9   7   6   6   4  10   8   8   6   8   8   6   5   9
   T   2   8  14  15  13  12  12  10   9   8   7   7   7   7  12  10
   C   1   7  13  14  14  12  11  11  16  14  14  12  12  12  11  11
   G   0   6  12  18  16  20  18  17  16  15  14  13  12  11  18  16
   C  -1   5  11  17  17  19  19  24  22  22  20  19  18  17  17  17
   A  -2   4  10  16  16  23  24  23  23  21  21  19  18  17  23  21
   T   4   4   9  15  22  22  23  23  22  22  20  27  25  24  23  29
   T   3   3   8  14  21  21  22  22  29  27  28  26  33  31  30  29
   A   2   2   7  13  20  20  21  21  28  28  33  31  32  39  37  36
   C   4   7   6  12  19  19  20  20  27  27  32  39  37  38  38  43
   A   3   6  13  11  18  24  24  22  26  26  31  38  38  37  43  42
   G   4   8  12  12  17  23  23  23  25  25  30  37  37  37  42  49

F
   _   A   A   C   C   A   C   C   G   T   G   T   A   T   T   C   A
   G   0  -1  -2  -2  -2  -2  -2  -2   4   3   4   3   2   1   0  -1
   A   0   4   4   3   2   4   3   2   2   3   2   3   8   7   6   5
   A   0   4  10   9   8   7   6   5   4   3   2   1   9   8   7   6
   G   0   2   8   9   8   7   6   5  10   9   8   7   7   8   7   6
   C   0   1   7  14  15  14  13  12  11  10   9   8   7   6   7  12
   T   0   0   6  12  13  14  13  12  11  16  15  14  13  12  12  11
   C   0  -1   5  12  18  17  20  19  18  17  16  15  14  13  12  18
   G   0  -1   4  10  16  17  18  19  24  23  22  21  20  19  18  17
   C   0  -1   3  10  16  15  23  24  23  23  22  21  20  19  18  23
   A   0   4   4   8  14  22  21  22  23  22  22  21  27  26  25  24
   T   0   2   3   7  13  20  21  21  21  29  28  28  27  33  32  31
   T   0   1   1   6  12  19  19  20  20  27  28  33  32  32  39  38
   A   0   4   7   6  11  18  18  19  19  26  26  31  39  38  37  38
   C   0   2   5  13  12  17  24  24  23  25  25  30  37  38  37  43
   A   0   4   8  11  12  17  22  23  23  24  24  29  36  36  37  41
   G   0   2   6  10  10  15  21  21  29  28  30  29  35  35  35  40

V
   _   A   A   C   C   A   C   C   G   T   G   T   A   T   T   C   A
   G   0   0   0   0   0   0   0   6   4   6   4   3   2   1   0   0
   A   6   6   4   3   6   4   3   4   5   4   5  10   8   7   6   6
   A   6  12  10   9   9   7   6   5   4   4   3  11   9   8   7  12
   G   4  10  11   9   8   8   6  12  10  10   8   9  10   8   7  10
   C   3   9  16  17  15  14  14  12  11  10   9   8   8   9  14  12
   T   2   8  14  15  16  14  13  13  18  16  16  14  14  14  12  13
   C   1   7  14  20  18  22  20  19  18  17  16  15  14  13  20  18
   G   0   6  12  18  19  20  21  26  24  24  22  21  20  19  18  19
   C   0   5  12  18  17  25  26  24  25  23  23  21  20  19  25  23
   A   6   6  10  16  24  23  24  25  23  24  22  29  27  26  25  31
   T   4   5   9  15  22  23  23  23  31  29  30  28  35  33  32  31
   T   3   3   8  14  21  21  22  22  29  30  35  33  34  41  39  38
   A   6   9   7  13  20  20  21  21  28  28  33  41  39  39  40  45
   C   4   7  15  13  19  26  26  24  27  27  32  39  40  38  45  43
   A   6  10  13  14  19  24  25  25  26  26  31  38  38  39  43  51
   G   4   8  12  12  17  23  23  31  29  32  30  37  37  37  42  49

A[1], B[0] : 51
E
   _   T   T   A   T   G   G   T   A   C   C   A   G   G   A   A   C
   G   0   0   0   0   0   0   0   0   0   0   0   0   0   0   0   0
   A  -1  -1  -1  -1   4   4   2   1   0  -1  -1   4   4   2   1   0
   A  -2  -2   4   2   3   3   3   8   6   5   5   3   3  10   8   7
   G  -2  -2   4   3   2   2   2   9   7   6  11   9   8   9  16  14
   C  -2  -2   3   3   9   7   6   8   8   6  10  17  15  14  15  15
   T  -2  -2   2   2   8   8   6   7  13  14  12  16  16  14  14  20
   C   4   4   2   7   7   7  14  12  12  13  13  15  15  15  13  19
   G   3   3   3   6   6   6  13  13  18  17  15  14  14  14  14  19
   C   2   2   2   5  11  12  12  12  17  17  16  21  20  18  17  18
   A   1   1   1   4  10  11  11  11  17  22  20  20  20  19  17  23
   T   0   0   6   4   9  10  10  17  16  21  28  26  25  26  25  23
   T   4   5   5  12  10   9  15  16  16  20  27  27  25  25  25  24
   A   4  10   8  11  11   9  15  15  15  19  26  26  26  24  24  24
   C   3   9  16  14  13  12  14  21  19  18  25  25  25  32  30  29
   A   2   8  15  15  13  12  13  20  27  25  24  24  24  31  31  36
   G   1   7  14  14  14  12  12  19  26  26  31  29  28  30  36  35

F
   _   T   T   A   T   G   G   T   A   C   C   A   G   G   A   A   C
   G   0  -1  -2  -2  -2   4   4   3   2   1   0  -1   4   4   3   2
   A   0  -1  -2   4   3   2   3   3   8   7   6   5   4   3  10   9
   A   0  -1  -2   4   3   2   1   2   9   8   7  11  10   9   9  16
   G   0  -1  -2   2   3   9   8   7   7   8   7   9  17  16  15  14
   C   0  -1  -2   1   1   7   8   7   6  13  14  13  15  16  15  14
   T   0   4   4   3   7   6   6  14  13  12  12  13  14  14  15  14
   C   0   2   3   3   5   6   5  12  13  18  17  16  15  14  13  14
   G   0   1   1   2   4  11  12  11  11  16  17  16  21  20  19  18
   C   0   0   0   0   3   9  10  11  10  17  22  21  20  20  19  18
   A   0  -1  -1   6   5   8   9   9  17  16  20  28  27  26  26  25
   T   0   4   5   4  12  11  10  15  15  16  19  26  27  26  25  25
   T   0   4  10   9  10  11  10  15  14  14  18  25  25  26  25  24
   A   0   2   8  16  15  14  13  13  21  20  19  24  24  24  32  31
   C   0   1   7  14  15  14  13  12  19  27  26  25  24  23  30  31
   A   0   0   6  13  13  14  13  12  18  25  26  31  30  29  29  36
   G   0  -1   5  12  12  19  20  19  18  24  24  29  37  36  35  34

V
   _   T   T   A   T   G   G   T   A   C   C   A   G   G   A   A   C
   G   0   0   0   0   6   6   4   3   2   1   0   6   6   4   3   2
   A   0   0   6   4   4   5   5  10   8   7   7   5   5  12  10   9
   A   0   0   6   5   3   3   4  11   9   8  13  11  10  11  18  16
   G   0   0   4   5  11   9   8   9  10   8  11  19  17  16  16  17
   C   0   0   3   3   9  10   8   8  15  16  14  17  18  16  15  22
   T   6   6   4   9   8   8  16  14  13  14  15  16  16  17  15  20
   C   4   5   5   7   8   7  14  15  20  19  17  16  15  15  16  21
   G   3   3   4   6  13  14  13  13  18  19  18  23  22  20  19  19
   C   2   2   2   5  11  12  13  12  19  24  22  21  22  21  19  25
   A   1   1   8   6  10  11  11  19  17  22  30  28  27  28  27  25
   T   6   7   6  14  12  11  17  17  18  21  28  29  27  26  27  26
   T   6  12  10  12  13  11  17  16  16  20  27  27  28  26  25  26
   A   4  10  18  16  15  14  15  23  21  20  26  26  26  34  32  31
   C   3   9  16  17  15  14  14  21  29  27  26  25  25  32  33  38
   A   2   8  15  15  16  14  13  20  27  28  33  31  30  31  38  36
   G   1   7  14  14  21  22  20  19  26  26  31  39  37  36  36  37

A[2], B[0] : 39
E
   _   T   T   T   A   A   G   C   C   G   A   G   T   C   A   A   T
   G   0   0   0   0   0   0   0   0   0   0   0   0   0   0   0   0
   A  -1  -1  -1  -1  -1   4   2   1   4   2   4   2   1   0  -1  -1
   A  -2  -2  -2   4   4   3   3   1   3  10   8   7   6   7   6   4
   G  -2  -2  -2   4  10   8   7   6   5   9   9   7   6  12  13  11
   C  -2  -2  -2   3   9  16  14  13  12  11  14  12  11  11  12  12
   T  -2  -2  -2   2   8  15  22  20  19  18  17  16  18  16  15  14
   C   4   4   4   2   7  14  21  21  19  18  17  23  21  20  19  21
   G   3   3   3   3   6  13  20  26  24  23  22  22  29  27  26  25
   C   2   2   2   2   5  12  19  25  32  30  29  28  28  28  26  25
   A   1   1   1   1   4  11  18  24  31  31  29  28  34  32  31  30
   T   0   0   0   6   7  10  17  23  30  36  34  33  33  40  38  37
   T   4   5   5   5   6   9  16  22  29  35  35  40  38  39  39  44
   A   4  10  11   9   8   8  15  21  28  34  34  41  39  38  38  45
   C   3   9  10  17  15  14  14  20  27  33  33  40  40  45  44  44
   A   2   8   9  16  16  14  20  19  26  32  32  39  45  44  44  43
   G   1   7   8  15  21  19  19  19  25  31  31  38  44  51  49  48

F
   _   T   T   T   A   A   G   C   C   G   A   G   T   C   A   A   T
   G   0  -1  -2  -2  -2  -2   4   3   2   4   3   4   3   2   1   0
   A   0  -1  -2  -2   4   4   3   3   2   2  10   9   8   7   7   6
   A   0  -1  -2  -2   4  10   9   8   7   6   8   9   8   7  12  13
   G   0  -1  -2  -2   2   8  16  15  14  13  12  14  13  12  11  11
   C   0  -1  -2  -2   1   7  14  22  21  20  19  18  17  18  17  16
   T   0   4   4   4   3   6  13  20  21  20  19  18  23  22  21  20
   C   0   2   3   3   3   5  12  19  26  25  24  23  22  29  28  27
   G   0   1   1   2   2   4  11  18  24  32  31  30  29  28  28  27
   C   0   0   0   0   1   3  10  17  24  30  31  30  29  34  33  32
   A   0  -1  -1  -1   6   7   9  16  22  29  36  35  34  33  40  39
   T   0   4   5   5   4   5   8  15  21  28  34  35  40  39  38  39
   T   0   4  10  11  10   9   8  14  20  27  33  33  41  40  39  38
   A   0   2   8   9  17  16  15  14  19  26  33  32  39  40  45  44
   C   0   1   7   8  15  16  15  20  19  25  31  32  38  45  44  44
   A   0   0   6   7  14  21  20  19  19  24  31  30  37  43  51  50
   G   0  -1   5   6  13  19  27  26  25  25  29  37  36  42  49  50

V
   _   T   T   T   A   A   G   C   C   G   A   G   T   C   A   A   T
   G   0   0   0   0   0   6   4   3   6   4   6   4   3   2   1   0
   A   0   0   0   6   6   4   5   3   4  12  10   9   8   9   8   6
   A   0   0   0   6  12  10   9   8   7  10  11   9   8  14  15  13
   G   0   0   0   4  10  18  16  15  14  13  16  14  13  12  13  14
   C   0   0   0   3   9  16  24  22  21  20  19  18  20  18  17  16
   T   6   6   6   4   8  15  22  23  21  20  19  25  23  22  21  23
   C   4   5   5   5   7  14  21  28  26  25  24  23  31  29  28  27
   G   3   3   4   4   6  13  20  26  34  32  31  30  29  30  28  27
   C   2   2   2   3   5  12  19  26  32  33  31  30  36  34  33  32
   A   1   1   1   8   9  11  18  24  31  38  36  35  34  42  40  39
   T   6   7   7   6   7  10  17  23  30  36  37  42  40  40  41  46
   T   6  12  13  11  10   9  16  22  29  35  35  43  41  40  39  47
   A   4  10  11  19  17  16  15  21  28  35  34  41  42  47  46  45
   C   3   9  10  17  18  16  22  21  27  33  34  40  47  45  46  45
   A   2   8   9  16  23  21  20  21  26  33  32  39  45  53  51  50
   G   1   7   8  15  21  29  27  26  27  31  39  38  44  51  52  50

A[3], B[0] : 53
======
E
   _   C   A   A   G   C   A   A   T   T   G   A   C   A   A   C   T
   T   0   0   0   0   0   0   0   0   0   0   0   0   0   0   0   0
   G  -1  -1  -1  -1  -1  -1  -1   4   4   2   1   0  -1  -1  -1   4
   T  -2  -2  -2   4   2   1   0   3   3  10   8   7   6   5   4   3
   T  -2  -2  -2   3   3   1   0   6   8   9   9   7   6   5   4  10
   T  -2  -2  -2   2   2   2   0   6  12  10   9   8   7   6   5  10
   A  -2  -2  -2   1   1   1   1   6  12  11   9   8   7   6   5  11
   C  -2   4   4   2   1   6   6   5  11  11  17  15  14  13  12  11
   C   4   3   3   3   8   6   5   5  10  10  16  23  21  20  19  18
   G   4   3   2   2   9   7   6   5   9   9  15  22  22  20  26  24
   C   3   3   2   7   8   8   6   5   8  14  14  21  21  21  25  25
   A   4   2   2   6  13  11  10   9   8  13  13  20  20  20  27  25
   T   3  10   8   7  12  19  17  16  15  14  18  19  25  25  26  26
   C   2   9   9   7  11  18  18  23  22  20  19  18  24  24  25  31
   T   4   8   8   8  13  17  17  22  22  21  19  25  23  23  30  30
   T   3   7   7   7  12  16  16  22  27  25  24  24  24  22  29  36
   G   2   6   6   6  11  15  15  21  28  26  25  24  23  23  28  35

F
   _   C   A   A   G   C   A   A   T   T   G   A   C   A   A   C   T
   T   0  -1  -2  -2  -2  -2  -2  -2   4   4   3   2   1   0  -1  -2
   G   0  -1  -2  -2   4   3   2   1   2   3  10   9   8   7   6   5
   T   0  -1  -2  -2   2   3   2   1   6   8   8   9   8   7   6   5
   T   0  -1  -2  -2   1   1   2   1   6  12  11  10   9   8   7   6
   T   0  -1  -2  -2   0   0   0   1   6  12  11  10   9   8   7   6
   A   0  -1   4   4   3   2   6   6   5  10  11  17  16  15  14  13
   C   0   4   3   3   3   8   7   6   5   9   9  15  23  22  21  20
   C   0   4   3   2   2   9   8   7   6   8   8  14  21  22  21  26
   G   0   2   3   2   7   7   8   7   6   7  14  13  20  20  21  24
   C   0   4   3   2   5  13  12  11  10   9  12  13  19  19  19  27
   A   0   2  10   9   8  11  19  18  17  16  15  18  18  25  25  25
   T   0   1   8   9   8  10  17  18  23  22  21  20  19  23  24  24
   C   0   4   7   7   8  13  16  16  21  22  21  20  25  24  23  30
   T   0   2   6   6   6  11  15  15  22  27  26  25  24  24  23  28
   T   0   1   5   5   5  10  14  14  21  28  27  26  25  24  23  27
   G   0   0   4   4  11  10  13  13  19  26  34  33  32  31  30  29

V
   _   C   A   A   G   C   A   A   T   T   G   A   C   A   A   C   T
   T   0   0   0   0   0   0   0   6   6   4   3   2   1   0   0   6
   G   0   0   0   6   4   3   2   4   5  12  10   9   8   7   6   5
   T   0   0   0   4   5   3   2   8  10  10  11   9   8   7   6  12
   T   0   0   0   3   3   4   2   8  14  12  11  10   9   8   7  12
   T   0   0   0   2   2   2   3   8  14  13  11  10   9   8   7  13
   A   0   6   6   4   3   8   8   6  12  13  19  17  16  15  14  13
   C   6   4   5   5  10   8   7   7  11  11  17  25  23  22  21  20
   C   6   5   3   4  11   9   8   7  10  10  16  23  24  22  28  26
   G   4   5   4   9   9  10   8   7   9  16  15  22  22  23  26  27
   C   6   4   4   7  15  13  12  11  10  14  15  21  21  21  29  27
   A   4  12  10   9  13  21  19  18  17  16  20  20  27  27  27  28
   T   3  10  11   9  12  19  20  25  24  22  21  20  25  26  26  33
   C   6   9   9  10  15  18  18  23  24  23  21  27  25  24  32  31
   T   4   8   8   8  13  17  17  24  29  27  26  25  26  24  30  38
   T   3   7   7   7  12  16  16  23  30  28  27  26  25  25  29  36
   G   2   6   6  13  11  15  15  21  28  36  34  33  32  31  30  35

A[0], B[1] : 38
E
   _   A   A   C   C   A   C   C   G   T   G   T   A   T   T   C   A
   T   0   0   0   0   0   0   0   0   0   0   0   0   0   0   0   0
   G  -1  -1  -1  -1  -1  -1  -1  -1   4   2   4   2   4   4   2   1
   T  -2  -2  -2  -2  -2  -2  -2   4   3  10   8   7   6   5   4   3
   T  -2  -2  -2  -2  -2  -2  -2   3  10   9  16  14  13  12  11  10
   T  -2  -2  -2  -2  -2  -2  -2   2   9   9  15  15  20  19  17  16
   A  -2  -2  -2  -2  -2  -2  -2   1   8   8  15  14  21  26  24  23
   C   4   4   2   1   4   2   1   0   7   7  14  21  20  25  25  30
   C   3   3  10   8   7  10   8   7   6   6  13  20  20  24  30  29
   G   2   2   9  16  14  13  16  14  13  12  12  19  19  23  29  29
   C   1   1   8  15  15  13  15  22  20  19  18  18  18  22  28  28
   A   0   0   7  14  14  21  19  21  21  19  18  17  17  21  27  27
   T   4   5   6  13  19  20  20  20  20  20  18  24  22  21  26  33
   C   3   4   5  12  18  19  19  19  25  23  26  24  30  28  27  32
   T   2   3   9  11  17  23  24  22  24  24  25  25  29  29  34  32
   T   1   2   8  10  16  22  23  23  28  26  30  28  31  34  33  33
   G   0   1   7   9  15  21  22  22  29  27  32  30  34  37  35  34

F
   _   A   A   C   C   A   C   C   G   T   G   T   A   T   T   C   A
   T   0  -1  -2  -2  -2  -2  -2  -2  -2   4   3   4   3   4   4   3
   G   0  -1  -2  -2  -2  -2  -2  -2   4   3  10   9   8   7   6   5
   T   0  -1  -2  -2  -2  -2  -2  -2   2  10   9  16  15  14  13  12
   T   0  -1  -2  -2  -2  -2  -2  -2   1   8   9  14  15  20  19  18
   T   0  -1  -2  -2  -2  -2  -2  -2   0   7   7  15  14  21  26  25
   A   0   4   4   3   2   4   3   2   1   6   6  13  21  20  24  25
   C   0   2   3  10   9   8  10   9   8   7   6  12  19  20  23  30
   C   0   1   1   9  16  15  14  16  15  14  13  12  18  18  22  29
   G   0   0   0   7  14  15  14  14  22  21  20  19  18  17  21  27
   C   0  -1  -1   6  13  13  21  20  20  21  20  19  18  17  20  27
   A   0   4   5   5  12  19  19  20  19  19  20  19  24  23  22  25
   T   0   2   3   4  11  17  18  18  19  25  24  26  25  30  29  28
   C   0   1   2   9  10  16  23  24  23  23  24  24  25  28  29  34
   T   0   0   1   7   9  15  21  22  23  28  27  30  29  31  34  33
   T   0  -1   0   6   8  14  20  21  21  29  28  32  31  34  37  36
   G   0  -1  -1   5   7  13  19  20  27  27  35  34  33  32  35  36

V
   _   A   A   C   C   A   C   C   G   T   G   T   A   T   T   C   A
   T   0   0   0   0   0   0   0   0   6   4   6   4   6   6   4   3
   G   0   0   0   0   0   0   0   6   4  12  10   9   8   7   6   5
   T   0   0   0   0   0   0   0   4  12  10  18  16  15  14  13  12
   T   0   0   0   0   0   0   0   3  10  11  16  17  22  21  19  18
   T   0   0   0   0   0   0   0   2   9   9  17  15  23  28  26  25
   A   6   6   4   3   6   4   3   2   8   8  15  23  21  26  27  32
   C   4   5  12  10   9  12  10   9   8   7  14  21  22  25  32  30
   C   3   3  11  18  16  15  18  16  15  14  13  20  20  24  31  31
   G   2   2   9  16  17  15  16  24  22  21  20  19  19  23  29  30
   C   1   1   8  15  15  23  21  22  23  21  20  19  18  22  29  28
   A   6   7   7  14  21  21  22  21  21  22  20  26  24  23  27  35
   T   4   5   6  13  19  20  20  21  27  25  28  26  32  30  29  33
   C   3   4  11  12  18  25  26  24  25  26  26  27  30  31  36  34
   T   2   3   9  11  17  23  24  25  30  28  32  30  33  36  34  35
   T   1   2   8  10  16  22  23  23  31  29  34  32  36  39  37  36
   G   0   1   7   9  15  21  22  29  29  37  35  34  34  37  38  36

A[1], B[1] : 39
E
   _   T   T   A   T   G   G   T   A   C   C   A   G   G   A   A   C
   T   0   0   0   0   0   0   0   0   0   0   0   0   0   0   0   0
   G   4   4   2   4   2   1   4   2   1   0  -1  -1  -1  -1  -1  -1
   T   3   3   3   3  10   8   7   6   5   4   3   5   4   2   1   0
   T   4   8   6   9   9   9  14  12  11  10   9   8   7   6   5   4
   T   4  10   8  12  10   9  15  13  12  11  10   9   8   7   6   5
   A   4  10   9  14  12  11  15  14  12  11  10   9   8   7   6   5
   C   3   9  16  14  13  12  14  21  19  18  17  16  15  14  13  12
   C   2   8  15  15  13  12  13  20  27  25  24  23  22  21  20  19
   G   1   7  14  14  14  12  12  19  26  33  31  30  29  28  27  26
   C   0   6  13  13  19  20  18  18  25  32  32  37  36  34  33  32
   A  -1   5  12  12  18  19  19  17  24  31  31  36  36  35  33  39
   T  -2   4  11  11  17  18  18  25  23  30  36  35  35  42  41  39
   C   4   4  10  16  16  17  23  24  24  29  35  35  34  41  41  40
   T   3   3   9  15  15  16  22  23  29  30  34  34  34  40  40  47
   T   4   8   8  14  14  15  21  22  28  29  33  33  33  39  39  46
   G   4  10   8  13  13  14  20  21  27  28  32  32  32  38  38  45

F
   _   T   T   A   T   G   G   T   A   C   C   A   G   G   A   A   C
   T   0   4   4   3   4   3   2   4   3   2   1   0  -1  -2  -2  -2
   G   0   2   3   3   2  10   9   8   7   6   5   4   5   4   3   2
   T   0   4   8   7   9   8   9  14  13  12  11  10   9   8   7   6
   T   0   4  10   9  12  11  10  15  14  13  12  11  10   9   8   7
   T   0   4  10   9  14  13  12  15  14  13  12  11  10   9   8   7
   A   0   2   8  16  15  14  13  13  21  20  19  18  17  16  15  14
   C   0   1   7  14  15  14  13  12  19  27  26  25  24  23  22  21
   C   0   0   6  13  13  14  13  12  18  25  33  32  31  30  29  28
   G   0  -1   5  12  12  19  20  19  18  24  31  32  37  36  35  34
   C   0  -1   4  11  11  17  18  19  18  23  30  30  35  36  35  34
   A   0  -1   3  10  10  16  17  17  25  24  29  36  35  34  42  41
   T   0   4   4   9  16  15  16  23  23  24  28  34  35  34  40  41
   C   0   2   3   8  14  15  15  21  22  29  30  33  33  34  39  39
   T   0   4   8   7  14  13  14  21  21  27  28  32  32  32  38  38
   T   0   4  10   9  13  13  13  20  20  26  27  31  31  31  37  37
   G   0   2   8   9  11  19  19  18  19  25  26  30  37  37  36  36

V
   _   T   T   A   T   G   G   T   A   C   C   A   G   G   A   A   C
   T   6   6   4   6   4   3   6   4   3   2   1   0   0   0   0   0
   G   4   5   5   4  12  10   9   8   7   6   5   7   6   4   3   2
   T   6  10   8  11  10  11  16  14  13  12  11  10   9   8   7   6
   T   6  12  10  14  12  11  17  15  14  13  12  11  10   9   8   7
   T   6  12  11  16  14  13  17  16  14  13  12  11  10   9   8   7
   A   4  10  18  16  15  14  15  23  21  20  19  18  17  16  15  14
   C   3   9  16  17  15  14  14  21  29  27  26  25  24  23  22  21
   C   2   8  15  15  16  14  13  20  27  35  33  32  31  30  29  28
   G   1   7  14  14  21  22  20  19  26  33  34  39  38  36  35  34
   C   0   6  13  13  19  20  21  19  25  32  32  37  38  37  35  41
   A   0   5  12  12  18  19  19  27  25  31  38  36  36  44  43  41
   T   6   6  11  18  17  18  25  25  26  30  36  37  35  42  43  42
   C   4   5  10  16  17  17  23  24  31  32  35  35  36  41  41  49
   T   6  10   9  16  15  16  23  23  29  30  34  34  34  40  40  47
   T   6  12  10  15  15  15  22  22  28  29  33  33  33  39  39  46
   G   4  10  11  13  21  21  20  21  27  28  32  39  39  38  38  45

A[2], B[1] : 49
E
   _   T   T   T   A   A   G   C   C   G   A   G   T   C   A   A   T
   T   0   0   0   0   0   0   0   0   0   0   0   0   0   0   0   0
   G   4   4   4   2   1   0  -1  -1  -1  -1  -1   4   2   1   0   4
   T   3   3   3   3   1   7   5   4   4   2   4   3   3   1   0   3
   T   4   8   9   7   6   6   6   4   3   3   3  10   8   7   6   6
   T   4  10  14  12  11  10   9   8   7   6   5   9   9   7   6  12
   A   4  10  16  14  13  12  11  10   9   8   7  11   9   8   7  12
   C   3   9  15  22  20  19  18  17  16  15  14  13  12  15  14  12
   C   2   8  14  21  21  19  25  24  22  21  20  19  19  17  16  15
   G   1   7  13  20  20  20  25  31  29  28  27  26  25  24  23  22
   C   0   6  12  19  19  25  24  30  37  35  34  33  32  31  30  29
   A  -1   5  11  18  18  24  31  29  36  36  34  33  39  37  36  35
   T  -2   4  10  17  23  23  30  30  35  41  39  38  38  45  43  42
   C   4   4   9  16  22  22  29  29  34  40  40  45  43  44  44  49
   T   3   3   8  15  21  21  28  34  33  39  39  44  51  49  48  48
   T   4   8   9  14  20  20  27  33  33  38  38  44  50  50  48  54
   G   4  10  14  13  19  19  26  32  32  37  37  43  49  49  49  54

F
   _   T   T   T   A   A   G   C   C   G   A   G   T   C   A   A   T
   T   0   4   4   4   3   2   1   0  -1  -2  -2  -2   4   3   2   1
   G   0   2   3   3   3   2   7   6   5   4   3   4   3   3   2   1
   T   0   4   8   9   8   7   6   6   5   4   3   2  10   9   8   7
   T   0   4  10  14  13  12  11  10   9   8   7   6   8   9   8   7
   T   0   4  10  16  15  14  13  12  11  10   9   8  11  10   9   8
   A   0   2   8  14  22  21  20  19  18  17  16  15  14  13  15  14
   C   0   1   7  13  20  21  20  25  24  23  22  21  20  19  18  17
   C   0   0   6  12  19  19  20  25  31  30  29  28  27  26  25  24
   G   0  -1   5  11  18  18  25  24  29  37  36  35  34  33  32  31
   C   0  -1   4  10  17  17  23  31  30  35  36  35  34  39  38  37
   A   0  -1   3   9  16  23  22  29  30  34  41  40  39  38  45  44
   T   0   4   4   9  15  21  22  28  28  33  39  40  45  44  43  44
   C   0   2   3   7  14  20  20  28  34  33  38  38  43  51  50  49
   T   0   4   8   9  13  19  19  26  32  33  37  37  44  49  50  49
   T   0   4  10  14  13  18  18  25  31  31  36  36  43  48  48  49
   G   0   2   8  12  13  17  24  24  30  37  36  42  41  47  47  47

V
   _   T   T   T   A   A   G   C   C   G   A   G   T   C   A   A   T
   T   6   6   6   4   3   2   1   0   0   0   0   6   4   3   2   6
   G   4   5   5   5   3   9   7   6   6   4   6   4   5   3   2   4
   T   6  10  11   9   8   7   8   6   5   5   4  12  10   9   8   8
   T   6  12  16  14  13  12  11  10   9   8   7  10  11   9   8  14
   T   6  12  18  16  15  14  13  12  11  10   9  13  11  10   9  14
   A   4  10  16  24  22  21  20  19  18  17  16  15  14  17  16  14
   C   3   9  15  22  23  21  27  26  24  23  22  21  21  19  18  17
   C   2   8  14  21  21  22  27  33  31  30  29  28  27  26  25  24
   G   1   7  13  20  20  27  25  31  39  37  36  35  34  33  32  31
   C   0   6  12  19  19  25  33  31  37  38  36  35  41  39  38  37
   A   0   5  11  18  25  24  31  32  36  43  41  40  39  47  45  44
   T   6   6  11  17  23  24  30  30  35  41  42  47  45  45  46  51
   C   4   5   9  16  22  22  30  36  34  40  40  45  53  51  50  49
   T   6  10  11  15  21  21  28  34  35  39  39  46  51  52  50  56
   T   6  12  16  14  20  20  27  33  33  38  38  45  50  50  51  56
   G   4  10  14  15  19  26  26  32  39  37  44  43  49  49  49  54

A[3], B[1] : 56
======
E
   _   C   A   A   G   C   A   A   T   T   G   A   C   A   A   C   T
   C   0   0   0   0   0   0   0   0   0   0   0   0   0   0   0   0
   C   4   2   1   0   4   2   1   0  -1  -1  -1   4   2   1   4   2
   G   4   3   1   0   6   4   3   2   1   0  -1   4   3   1   7   5
   T   3   3   2   7   5   5   3   2   1   7   5   4   3   2   6   6
   T   2   2   2   6   6   4   4   9   8   6   6   4   3   2   5  11
   A   1   1   1   5   5   5   3  10  15  13  12  11  10   9   8  10
   C   0   6   6   4   4  10  11   9  14  14  19  17  17  16  14  13
   T   4   5   5   5  10   9  10  10  13  13  18  25  23  22  22  20
   C   3   4   4   4   9   9   9  15  16  14  17  24  24  22  21  28
   A   4   3   3   3  10   8   8  14  15  15  16  23  23  23  28  27
   C   3  10   8   7   9  16  14  13  14  14  21  22  28  28  27  27
   A   4   9   9   7  13  15  15  13  13  13  20  27  27  27  34  32
   A   3  10  14  12  12  19  20  18  17  16  19  26  33  32  33  33
   A   2   9  16  14  13  18  25  23  22  21  22  25  32  39  37  36
   C   1   8  15  15  13  19  24  24  22  21  27  25  31  38  38  36
   T   4   7  14  14  21  19  23  23  23  21  26  33  31  37  43  41

F
   _   C   A   A   G   C   A   A   T   T   G   A   C   A   A   C   T
   C   0   4   3   2   1   4   3   2   1   0  -1  -2   4   3   2   4
   C   0   4   3   2   1   6   5   4   3   2   1   0   4   3   2   7
   G   0   2   3   2   7   6   5   4   3   2   7   6   5   4   3   5
   T   0   1   1   2   5   6   5   4   9   8   7   6   5   4   3   4
   T   0   0   0   0   4   4   5   4  10  15  14  13  12  11  10   9
   A   0  -1   6   6   5   4  10  11  10  13  14  19  18  17  16  15
   C   0   4   4   5   5  10   9   9  10  12  12  17  25  24  23  22
   T   0   2   3   3   4   8   9   8  15  16  15  16  23  24  23  22
   C   0   4   3   2   2  10   9   8  13  14  15  15  22  22  23  28
   A   0   2  10   9   8   8  16  15  14  13  13  21  21  28  28  27
   C   0   4   8   9   8  13  14  15  14  13  12  19  27  26  27  34
   A   0   2  10  14  13  12  19  20  19  18  17  18  25  33  32  32
   A   0   1   8  16  15  14  17  25  24  23  22  22  24  31  39  38
   A   0   0   7  14  15  14  19  23  24  23  22  27  26  30  37  38
   C   0   4   6  13  13  21  20  22  22  23  22  25  33  32  36  43
   T   0   2   5  12  12  19  20  21  28  28  27  26  31  32  35  41

V
   _   C   A   A   G   C   A   A   T   T   G   A   C   A   A   C   T
   C   6   4   3   2   6   4   3   2   1   0   0   6   4   3   6   4
   C   6   5   3   2   8   6   5   4   3   2   1   6   5   3   9   7
   G   4   5   4   9   7   7   5   4   3   9   7   6   5   4   7   8
   T   3   3   4   7   8   6   6  11  10   8   8   6   5   4   6  13
   T   2   2   2   6   6   7   5  12  17  15  14  13  12  11  10  12
   A   1   8   8   6   5  12  13  11  15  16  21  19  19  18  16  15
   C   6   6   7   7  12  10  11  12  14  14  19  27  25  24  24  22
   T   4   5   5   6  10  11  10  17  18  16  18  25  26  24  23  30
   C   6   4   4   4  12  10  10  15  16  17  17  24  24  25  30  28
   A   4  12  10   9  10  18  16  15  15  15  23  23  30  30  28  29
   C   6  10  11   9  15  16  17  15  14  14  21  29  28  29  36  34
   A   4  12  16  14  13  21  22  20  19  18  20  27  35  34  34  35
   A   3  10  18  16  15  19  27  25  24  23  24  26  33  41  39  38
   A   2   9  16  17  15  21  25  26  24  23  29  27  32  39  40  38
   C   6   8  15  15  23  21  24  24  25  23  27  35  33  38  45  43
   T   4   7  14  14  21  22  23  30  30  28  27  33  34  37  43  51

A[0], B[2] : 51
E
   _   A   A   C   C   A   C   C   G   T   G   T   A   T   T   C   A
   C   0   0   0   0   0   0   0   0   0   0   0   0   0   0   0   0
   C  -1  -1   4   4   2   4   4   2   1   0  -1  -1  -1  -1   4   2
   G  -2  -2   4  10   8   8  10   8   7   6   5   4   3   2   4   3
   T  -2  -2   3   9   9   7   9  16  14  13  12  11  10   9   8   7
   T  -2  -2   2   8   8   8   8  15  22  20  19  18  17  16  15  14
   A  -2  -2   1   7   7   7   7  14  21  21  26  24  24  23  21  20
   C   4   4   2   6  12  10   9  13  20  20  25  32  30  29  28  27
   T   3   3  10   8  11  18  16  15  19  19  24  31  31  29  35  33
   C   2   2   9   9  10  17  17  15  21  19  24  30  36  37  35  34
   A   1   1   8  14  12  16  22  20  20  20  23  29  35  36  43  41
   C   4   6   7  13  20  18  21  21  19  19  22  28  34  35  42  49
   A   3   5  12  12  19  26  24  23  22  21  21  27  33  34  41  48
   A   4   8  11  11  18  25  25  23  22  21  20  26  32  33  40  47
   A   4  10  10  10  17  24  24  24  22  21  20  26  31  32  39  46
   C   4  10   9   9  16  23  23  23  23  21  20  26  30  31  38  45
   T   3   9  16  15  15  22  28  26  25  24  23  25  29  30  37  44

F
   _   A   A   C   C   A   C   C   G   T   G   T   A   T   T   C   A
   C   0  -1  -2   4   4   3   4   4   3   2   1   0  -1  -2  -2   4
   C   0  -1  -2   4  10   9   8  10   9   8   7   6   5   4   3   4
   G   0  -1  -2   2   8   9   8   8  16  15  14  13  12  11  10   9
   T   0  -1  -2   1   7   7   8   7  14  22  21  20  19  18  17  16
   T   0  -1  -2   0   6   6   6   7  13  20  21  26  25  24  23  22
   A   0   4   4   3   5  12  11  10  12  19  19  24  32  31  30  29
   C   0   2   3  10   9  10  18  17  16  18  18  23  30  31  30  35
   T   0   1   1   8   9   9  16  17  16  21  20  24  29  36  37  36
   C   0   0   0   7  14  13  15  22  21  20  20  22  28  34  35  43
   A   0   4   6   6  12  20  19  20  21  20  19  21  28  33  34  41
   C   0   2   4  12  12  18  26  25  24  23  22  21  26  32  33  40
   A   0   4   8  10  11  18  24  25  24  23  22  21  26  31  32  39
   A   0   4  10   9   9  17  23  23  24  23  22  21  26  30  31  38
   A   0   4  10   9   8  15  22  22  22  23  22  21  26  29  30  37
   C   0   2   8  16  15  14  21  28  27  26  25  24  24  28  29  36
   T   0   1   7  14  15  14  20  26  27  32  31  30  29  30  34  35

V
   _   A   A   C   C   A   C   C   G   T   G   T   A   T   T   C   A
   C   0   0   6   6   4   6   6   4   3   2   1   0   0   0   6   4
   C   0   0   6  12  10  10  12  10   9   8   7   6   5   4   6   5
   G   0   0   4  10  11   9  10  18  16  15  14  13  12  11  10   9
   T   0   0   3   9   9  10   9  16  24  22  21  20  19  18  17  16
   T   0   0   2   8   8   8   9  15  22  23  28  26  26  25  23  22
   A   6   6   4   7  14  12  11  14  21  21  26  34  32  31  30  29
   C   4   5  12  10  12  20  18  17  20  20  25  32  33  31  37  35
   T   3   3  10  11  11  18  19  17  23  21  26  31  38  39  37  36
   C   2   2   9  16  14  17  24  22  21  22  24  30  36  37  45  43
   A   6   8   8  14  22  20  22  23  21  20  23  30  35  36  43  51
   C   4   6  14  14  20  28  26  25  24  23  22  28  34  35  42  49
   A   6  10  12  13  20  26  27  25  24  23  22  28  33  34  41  48
   A   6  12  11  11  19  25  25  26  24  23  22  28  32  33  40  47
   A   6  12  11  10  17  24  24  24  25  23  22  28  31  32  39  46
   C   4  10  18  17  16  23  30  28  27  26  25  26  30  31  38  45
   T   3   9  16  17  16  22  28  29  34  32  32  30  32  36  37  44

A[1], B[2] : 51
E
   _   T   T   A   T   G   G   T   A   C   C   A   G   G   A   A   C
   C   0   0   0   0   0   0   0   0   0   0   0   0   0   0   0   0
   C  -1  -1  -1  -1  -1  -1  -1  -1   4   4   2   1   0  -1  -1   4
   G  -2  -2  -2  -2  -2  -2  -2  -2   4  10   8   7   6   5   4   4
   T  -2  -2  -2  -2   4   4   2   1   3   9   9  14  13  11  10   9
   T   4   4   2   4   3   3  10   8   7   8   8  13  13  12  10   9
   A   4  10   8   8   6   5   9   9   7   7   7  12  12  12  11   9
   C   3   9  16  14  13  12  11  15  13  12  12  11  11  17  18  16
   T   2   8  15  15  13  12  11  14  21  19  18  17  16  16  17  24
   C   4   7  14  20  18  17  18  16  20  20  18  17  16  15  16  23
   A   3   6  13  19  19  17  17  17  22  25  23  22  21  20  19  22
   C   2   5  12  18  18  18  16  22  21  24  31  29  28  27  26  25
   A   1   4  11  17  17  17  17  21  28  26  30  30  28  27  26  32
   A   0   3  10  16  16  16  16  23  27  27  32  30  29  34  33  31
   A  -1   2   9  15  15  15  15  22  26  26  33  31  30  35  40  38
   C  -2   1   8  14  14  14  14  21  25  25  32  32  30  36  41  39
   T  -2   0   7  13  13  13  13  20  26  30  31  31  31  35  40  47

F
   _   T   T   A   T   G   G   T   A   C   C   A   G   G   A   A   C
   C   0  -1  -2  -2  -2  -2  -2  -2  -2   4   4   3   2   1   0  -1
   C   0  -1  -2  -2  -2  -2  -2  -2  -2   4  10   9   8   7   6   5
   G   0  -1  -2  -2  -2   4   4   3   2   2   8   9  14  13  12  11
   T   0   4   4   3   4   3   3  10   9   8   7   7  12  13  12  11
   T   0   4  10   9   8   7   6   9   9   8   7   6  11  11  12  11
   A   0   2   8  16  15  14  13  12  15  14  13  12  11  10  17  18
   C   0   1   7  14  15  14  13  12  13  21  20  19  18  17  16  16
   T   0   4   7  13  20  19  18  18  17  19  20  19  18  17  16  15
   C   0   2   5  12  18  19  18  17  17  22  25  24  23  22  21  20
   A   0   1   4  11  17  17  18  17  22  21  23  31  30  29  28  27
   C   0   0   3  10  16  16  16  17  20  28  27  29  30  29  28  27
   A   0  -1   2   9  15  15  15  15  23  26  27  32  31  30  34  33
   A   0  -1   1   8  14  14  14  14  21  25  25  33  32  31  35  40
   A   0  -1   0   7  13  13  13  13  20  24  24  31  32  31  36  41
   C   0  -1  -1   6  12  12  12  12  19  26  30  30  30  31  34  39
   T   0   4   4   5  12  11  11  18  18  24  28  29  29  29  33  38

V
   _   T   T   A   T   G   G   T   A   C   C   A   G   G   A   A   C
   C   0   0   0   0   0   0   0   0   6   6   4   3   2   1   0   6
   C   0   0   0   0   0   0   0   0   6  12  10   9   8   7   6   6
   G   0   0   0   0   6   6   4   3   4  10  11  16  15  13  12  11
   T   6   6   4   6   4   5  12  10   9   9   9  14  15  14  12  11
   T   6  12  10  10   8   7  11  11   9   8   8  13  13  14  13  11
   A   4  10  18  16  15  14  13  17  15  14  14  12  12  19  20  18
   C   3   9  16  17  15  14  13  15  23  21  20  19  18  17  18  26
   T   6   9  15  22  20  19  20  18  21  22  20  19  18  17  17  24
   C   4   7  14  20  21  19  18  19  24  27  25  24  23  22  21  23
   A   3   6  13  19  19  20  18  24  22  25  33  31  30  29  28  27
   C   2   5  12  18  18  18  19  22  30  28  31  32  30  29  28  34
   A   1   4  11  17  17  17  17  25  28  29  34  32  31  36  35  33
   A   0   3  10  16  16  16  16  23  27  27  35  33  32  37  42  40
   A   0   2   9  15  15  15  15  22  26  26  33  34  32  38  43  41
   C   0   1   8  14  14  14  14  21  28  32  32  32  33  36  41  49
   T   6   6   7  14  13  13  20  20  26  30  31  31  31  35  40  47

A[2], B[2] : 49
E
   _   T   T   T   A   A   G   C   C   G   A   G   T   C   A   A   T
   C   0   0   0   0   0   0   0   0   0   0   0   0   0   0   0   0
   C  -1  -1  -1  -1  -1  -1   4   4   2   1   0  -1   4   2   1   0
   G  -2  -2  -2  -2  -2  -2   4  10   8   7   6   5   5   3   2   1
   T  -2  -2  -2  -2  -2   4   3   9  16  14  13  12  11  10   9   8
   T   4   4   4   2   1   3   3   8  15  15  13  19  17  16  15  15
   A   4  10  10   8   7   6   5   7  14  14  14  19  18  16  15  21
   C   3   9   9  16  14  13  12  11  13  19  17  18  18  24  22  21
   T   2   8   8  15  15  13  19  18  16  18  18  17  23  23  23  21
   C   4   7  13  14  14  14  18  18  17  17  17  24  22  22  22  29
   A   3   6  12  13  13  13  20  23  21  20  19  23  30  28  27  28
   C   2   5  11  17  18  16  19  22  22  27  25  24  29  36  34  33
   A   1   4  10  16  17  17  22  24  22  26  26  24  30  35  35  33
   A   0   3   9  15  21  19  21  23  23  28  26  25  29  36  40  38
   A  -1   2   8  14  21  20  20  22  22  29  27  26  28  35  42  40
   C  -2   1   7  13  20  20  19  21  21  28  28  26  27  34  41  41
   T  -2   0   6  12  19  19  26  25  23  27  27  27  32  33  40  40

F
   _   T   T   T   A   A   G   C   C   G   A   G   T   C   A   A   T
   C   0  -1  -2  -2  -2  -2  -2   4   4   3   2   1   0   4   3   2
   C   0  -1  -2  -2  -2  -2  -2   4  10   9   8   7   6   5   4   3
   G   0  -1  -2  -2  -2  -2   4   3   8  16  15  14  13  12  11  10
   T   0   4   4   4   3   2   2   3   7  14  15  14  19  18  17  16
   T   0   4  10  10   9   8   7   6   6  13  13  14  19  18  17  16
   A   0   2   8   9  16  15  14  13  12  12  19  18  17  18  24  23
   C   0   1   7   7  14  15  14  19  18  17  17  18  17  23  22  23
   T   0   4   7  13  13  13  14  17  18  17  16  16  24  23  22  21
   C   0   2   5  11  12  12  12  20  23  22  21  20  22  30  29  28
   A   0   1   4  10  17  18  17  18  21  22  27  26  25  28  36  35
   C   0   0   3   9  15  16  17  22  24  23  25  26  25  30  34  35
   A   0  -1   2   8  15  21  20  20  22  23  28  27  26  28  36  40
   A   0  -1   1   7  14  21  20  19  21  21  29  28  27  27  34  42
   A   0  -1   0   6  13  20  20  19  20  20  27  28  27  26  33  40
   C   0  -1  -1   5  11  18  19  26  25  24  26  26  27  32  32  39
   T   0   4   4   5  10  17  17  24  25  24  25  25  32  31  31  38

V
   _   T   T   T   A   A   G   C   C   G   A   G   T   C   A   A   T
   C   0   0   0   0   0   0   6   6   4   3   2   1   6   4   3   2
   C   0   0   0   0   0   0   6  12  10   9   8   7   7   5   4   3
   G   0   0   0   0   0   6   4  10  18  16  15  14  13  12  11  10
   T   6   6   6   4   3   4   5   9  16  17  15  21  19  18  17  17
   T   6  12  12  10   9   8   7   8  15  15  16  21  20  18  17  23
   A   4  10  11  18  16  15  14  13  14  21  19  19  20  26  24  23
   C   3   9   9  16  17  15  21  20  18  19  20  18  25  24  25  23
   T   6   9  15  15  15  16  19  20  19  18  18  26  24  24  23  31
   C   4   7  13  14  14  14  22  25  23  22  21  24  32  30  29  29
   A   3   6  12  19  20  18  20  23  24  29  27  26  30  38  36  35
   C   2   5  11  17  18  19  24  26  24  27  28  26  32  36  37  35
   A   1   4  10  17  23  21  22  24  25  30  28  27  30  38  42  40
   A   0   3   9  16  23  22  21  23  23  31  29  28  29  36  44  42
   A   0   2   8  15  22  22  21  22  22  29  30  28  28  35  42  43
   C   0   1   7  13  20  21  28  27  25  28  28  29  34  34  41  41
   T   6   6   7  12  19  19  26  27  26  27  27  34  32  33  40  47

A[3], B[2] : 47
======
E
   _   C   A   A   G   C   A   A   T   T   G   A   C   A   A   C   T
   G   0   0   0   0   0   0   0   0   0   0   0   0   0   0   0   0
   T  -1  -1  -1   4   2   1   0  -1  -1   4   2   1   0  -1  -1  -1
   G  -2  -2  -2   3   3   1   0   6   5   3   3   1   0  -1  -2   4
   A  -2  -2  -2   4   2   2   0   5   5  11   9   8   7   6   5   4
   T  -2   4   4   3   3   8   8   6   5  10  17  15  14  13  12  11
   C  -2   3   3   3   2   7   7  14  12  11  16  16  14  13  12  18
   C   4   2   2   2   9   7   6  13  13  11  15  21  19  18  19  17
   A   4   3   1   1   8   8   6  12  12  12  14  20  20  18  24  22
   C   3  10   9   7   7  14  14  12  11  11  18  19  26  26  24  23
   C   4   9   9   8  13  13  13  13  11  10  17  24  25  25  32  30
   A   4   8   8   8  14  12  12  12  12  10  16  23  24  24  31  31
   C   3  10  13  11  13  20  18  17  16  15  16  22  28  29  30  30
   A   4   9  12  12  17  19  19  17  16  15  15  22  27  28  35  33
   A   3  10  14  12  16  23  24  22  21  20  21  21  28  32  34  34
   G   2   9  16  14  15  22  29  27  26  25  26  24  27  34  33  33
   T   1   8  15  22  20  21  28  28  26  32  30  29  28  33  33  32

F
   _   C   A   A   G   C   A   A   T   T   G   A   C   A   A   C   T
   G   0  -1  -2  -2   4   3   2   1   0  -1   4   3   2   1   0  -1
   T   0  -1  -2  -2   2   3   2   1   6   5   4   3   2   1   0  -1
   G   0  -1  -2  -2   4   3   2   1   4   5  11  10   9   8   7   6
   A   0  -1   4   4   3   3   8   8   7   6   9  17  16  15  14  13
   T   0  -1   2   3   3   2   6   7  14  13  12  15  16  15  14  13
   C   0   4   3   2   2   9   8   7  12  13  12  14  21  20  19  19
   C   0   4   3   2   1   8   8   7  11  11  12  13  20  20  19  24
   A   0   2  10   9   8   7  14  14  13  12  11  18  18  26  26  25
   C   0   4   8   9   8  13  12  13  13  12  11  16  24  24  25  32
   C   0   4   7   7   8  14  13  12  12  12  11  15  22  23  23  31
   A   0   2  10  13  12  12  20  19  18  17  16  16  21  28  29  29
   C   0   4   8  11  12  17  18  19  18  17  16  15  22  26  27  35
   A   0   2  10  14  13  15  23  24  23  22  21  21  20  28  32  33
   A   0   1   8  16  15  14  21  29  28  27  26  26  25  26  34  33
   G   0   0   7  14  22  21  20  27  28  27  32  31  30  29  32  33
   T   0  -1   6  13  20  21  20  26  33  34  33  32  31  30  31  31

V
   _   C   A   A   G   C   A   A   T   T   G   A   C   A   A   C   T
   G   0   0   0   6   4   3   2   1   0   6   4   3   2   1   0   0
   T   0   0   0   4   5   3   2   8   7   5   5   3   2   1   0   6
   G   0   0   0   6   4   4   2   6   7  13  11  10   9   8   7   6
   A   0   6   6   4   5  10  10   8   7  11  19  17  16  15  14  13
   T   0   4   5   5   3   8   9  16  14  13  17  18  16  15  14  20
   C   6   4   3   4  11   9   8  14  15  13  16  23  21  20  21  19
   C   6   5   3   2  10  10   8  13  13  14  15  22  22  20  26  24
   A   4  12  11   9   8  16  16  14  13  12  20  20  28  28  26  25
   C   6  10  11  10  15  14  15  15  13  12  18  26  26  27  34  32
   C   6   9   9  10  16  14  13  14  14  12  17  24  25  25  33  33
   A   4  12  15  13  14  22  20  19  18  17  18  23  30  31  31  32
   C   6  10  13  14  19  20  21  19  18  17  16  24  28  29  37  35
   A   4  12  16  14  17  25  26  24  23  22  23  22  30  34  35  36
   A   3  10  18  16  16  23  31  29  28  27  28  26  28  36  34  34
   G   2   9  16  24  22  22  29  30  28  34  32  31  30  34  35  33
   T   1   8  15  22  23  21  28  35  36  34  33  32  31  33  33  41

A[0], B[3] : 41
E
   _   A   A   C   C   A   C   C   G   T   G   T   A   T   T   C   A
   G   0   0   0   0   0   0   0   0   0   0   0   0   0   0   0   0
   T  -1  -1  -1  -1  -1  -1  -1   4   2   4   2   1   0  -1  -1  -1
   G  -2  -2  -2  -2  -2  -2  -2   3  10   8  10   8   7   6   5   4
   A  -2  -2  -2  -2  -2  -2  -2   4   9  16  14  13  12  11  10   9
   T   4   4   2   1   4   2   1   3   8  15  15  20  18  17  16  16
   C   3   3   3   1   3   3   1   2   8  14  20  19  26  24  23  22
   C   2   2   9   9   7   8   9   7   7  13  19  19  25  25  30  28
   A   1   1   8  15  13  13  14  12  11  12  18  18  24  24  31  29
   C   4   6   7  14  21  19  18  17  16  15  17  23  23  23  30  37
   C   3   5  12  13  20  27  25  24  23  22  21  22  22  22  29  36
   A   2   4  11  18  19  26  33  31  30  29  28  27  26  25  28  35
   C   4   7  10  17  24  25  32  32  30  29  28  34  32  31  30  34
   A   3   6  13  16  23  30  31  31  31  29  28  33  33  31  37  35
   A   4   8  12  15  22  29  30  30  30  30  28  34  32  32  36  43
   G   4  10  11  14  21  28  29  29  29  29  29  34  33  31  35  42
   T   3   9  10  13  20  27  28  34  32  34  32  33  33  32  34  41

F
   _   A   A   C   C   A   C   C   G   T   G   T   A   T   T   C   A
   G   0  -1  -2  -2  -2  -2  -2  -2   4   3   4   3   2   1   0  -1
   T   0  -1  -2  -2  -2  -2  -2  -2   2  10   9  10   9   8   7   6
   G   0  -1  -2  -2  -2  -2  -2  -2   4   8  16  15  14  13  12  11
   A   0   4   4   3   2   4   3   2   2   7  14  15  20  19  18  17
   T   0   2   3   3   2   2   3   2   1   8  13  20  19  26  25  24
   C   0   1   1   9   9   8   8   9   8   7  12  18  19  24  25  30
   C   0   0   0   7  15  14  13  14  13  12  11  17  17  23  23  31
   A   0   4   6   6  13  21  20  19  18  17  16  16  23  22  22  29
   C   0   2   4  12  12  19  27  26  25  24  23  22  21  22  21  28
   C   0   1   3  10  18  18  25  33  32  31  30  29  28  27  26  27
   A   0   4   7   9  16  24  24  31  32  31  30  29  34  33  32  31
   C   0   2   5  13  15  22  30  30  30  31  30  29  32  33  32  37
   A   0   4   8  11  14  21  28  29  29  29  30  29  34  33  32  35
   A   0   4  10  10  13  20  27  28  28  28  28  29  34  33  32  34
   G   0   2   8   9  12  19  26  27  34  33  34  33  32  33  32  33
   T   0   1   7   8  11  18  25  26  32  40  39  40  39  38  39  38

V
   _   A   A   C   C   A   C   C   G   T   G   T   A   T   T   C   A
   G   0   0   0   0   0   0   0   6   4   6   4   3   2   1   0   0
   T   0   0   0   0   0   0   0   4  12  10  12  10   9   8   7   6
   G   0   0   0   0   0   0   0   6  10  18  16  15  14  13  12  11
   A   6   6   4   3   6   4   3   4   9  16  17  22  20  19  18  18
   T   4   5   5   3   4   5   3   3  10  15  22  20  28  26  25  24
   C   3   3  11  11   9  10  11   9   8  14  20  21  26  27  32  30
   C   2   2   9  17  15  15  16  14  13  13  19  19  25  25  33  31
   A   6   8   8  15  23  21  20  19  18  17  18  25  24  24  31  39
   C   4   6  14  14  21  29  27  26  25  24  23  23  24  23  30  37
   C   3   5  12  20  20  27  35  33  32  31  30  29  28  27  29  36
   A   6   9  11  18  26  26  33  34  32  31  30  36  34  33  32  35
   C   4   7  15  17  24  32  32  32  33  31  30  34  35  33  39  37
   A   6  10  13  16  23  30  31  31  31  32  30  36  34  34  37  45
   A   6  12  12  15  22  29  30  30  30  30  31  36  35  33  36  43
   G   4  10  11  14  21  28  29  36  34  36  34  34  35  34  35  42
   T   3   9  10  13  20  27  28  34  42  40  42  40  40  41  39  41

A[1], B[3] : 45
E
   _   T   T   A   T   G   G   T   A   C   C   A   G   G   A   A   C
   G   0   0   0   0   0   0   0   0   0   0   0   0   0   0   0   0
   T  -1  -1  -1  -1   4   4   2   1   0  -1  -1   4   4   2   1   0
   G   4   4   2   4   3   3  10   8   7   6   5   4   3   3   1   0
   A   3   3   3   3  10   8   9   9   7   6   5  11  10   8   7   6
   T   2   2   9   7   9   9   8  14  12  11  12  10  10  16  14  13
   C   4   7   8  15  13  12  15  13  13  11  11  11   9  15  15  13
   C   3   6   7  14  14  12  14  14  19  19  17  16  15  14  14  21
   A   2   5   6  13  13  13  13  13  20  25  23  22  21  20  19  20
   C   1   4  10  12  12  12  12  18  19  24  31  29  28  27  26  25
   C   0   3   9  11  11  11  11  17  24  24  30  30  28  27  26  32
   A  -1   2   8  10  10  10  10  16  23  30  29  29  29  27  26  32
   C  -2   1   7   9   9   9   9  15  22  29  36  34  33  35  33  32
   A  -2   0   6   8   8   8   8  14  21  28  35  35  33  34  34  39
   A  -2  -1   5   7   7   7   7  13  20  27  34  34  34  39  39  38
   G  -2  -2   4   6   6   6   6  12  19  26  33  33  33  40  45  43
   T  -2  -2   3   5  11  11   9  11  18  25  32  38  38  39  44  44

F
   _   T   T   A   T   G   G   T   A   C   C   A   G   G   A   A   C
   G   0  -1  -2  -2  -2   4   4   3   2   1   0  -1   4   4   3   2
   T   0   4   4   3   4   3   3  10   9   8   7   6   5   4   3   2
   G   0   2   3   3   2  10   9   8   9   8   7   6  11  10   9   8
   A   0   1   1   9   8   8   9   8  14  13  12  12  11  10  16  15
   T   0   4   7   7  15  14  13  15  14  13  12  11  11  10  14  15
   C   0   2   5   6  13  14  13  13  14  19  19  18  17  16  15  14
   C   0   1   4   5  12  12  13  12  12  20  25  24  23  22  21  20
   A   0   0   3  10  11  11  11  12  18  18  23  31  30  29  28  27
   C   0  -1   2   8  10  10  10  10  16  24  24  29  30  29  28  27
   C   0  -1   1   7   9   9   9   9  15  22  30  29  28  29  28  27
   A   0  -1   0   7   8   8   8   8  15  21  28  36  35  34  35  34
   C   0  -1  -1   5   7   7   7   7  13  21  27  34  35  34  33  34
   A   0  -1  -2   5   6   6   6   6  13  19  26  33  33  34  39  39
   A   0  -1  -2   4   5   5   5   5  12  18  25  32  32  32  40  45
   G   0  -1  -2   2   4  11  11  10  10  17  24  31  38  38  38  43
   T   0   4   4   3   8   9  10  17  16  16  23  30  36  37  37  42

V
   _   T   T   A   T   G   G   T   A   C   C   A   G   G   A   A   C
   G   0   0   0   0   6   6   4   3   2   1   0   6   6   4   3   2
   T   6   6   4   6   4   5  12  10   9   8   7   6   5   5   3   2
   G   4   5   5   4  12  10  10  11   9   8   7  13  12  10   9   8
   A   3   3  11   9  10  11   9  16  14  13  14  12  12  18  16  15
   T   6   9   9  17  15  14  17  15  15  13  12  13  11  16  17  15
   C   4   7   8  15  16  14  15  16  21  21  19  18  17  16  15  23
   C   3   6   7  14  14  15  14  14  22  27  25  24  23  22  21  21
   A   2   5  12  13  13  13  14  20  20  25  33  31  30  29  28  27
   C   1   4  10  12  12  12  12  18  26  26  31  32  30  29  28  34
   C   0   3   9  11  11  11  11  17  24  32  30  30  31  29  28  34
   A   0   2   9  10  10  10  10  17  23  30  38  36  35  37  35  34
   C   0   1   7   9   9   9   9  15  23  29  36  37  35  35  36  41
   A   0   0   7   8   8   8   8  15  21  28  35  35  36  41  41  39
   A   0   0   6   7   7   7   7  14  20  27  34  34  34  42  47  45
   G   0   0   4   6  13  13  11  12  19  26  33  40  40  40  45  46
   T   6   6   4  10  11  12  19  17  18  25  32  38  39  39  44  44

A[2], B[3] : 47
E
   _   T   T   T   A   A   G   C   C   G   A   G   T   C   A   A   T
   G   0   0   0   0   0   0   0   0   0   0   0   0   0   0   0   0
   T  -1  -1  -1  -1  -1   4   2   1   4   2   4   2   1   0  -1  -1
   G   4   4   4   2   1   3   3   1   3   3   3  10   8   7   6   5
   A   3   3   3   3   1   7   5   4   7   5   9   9   9   7   6   5
   T   2   2   2   9   9   7   6   5   6  13  11  10   9  15  13  12
   C   4   7   7   8   8   8   6   5   5  12  12  17  15  14  14  19
   C   3   6   6   7   7   7  14  12  11  11  11  16  23  21  20  19
   A   2   5   5   6   6   6  13  20  18  17  16  15  22  22  20  19
   C   1   4   4  10  11   9  12  19  19  24  22  21  21  27  28  26
   C   0   3   3   9  10  10  15  18  18  23  23  21  27  26  27  27
   A  -1   2   2   8   9   9  16  21  19  22  22  22  27  26  26  26
   C  -2   1   1   7  13  11  15  20  20  25  23  22  26  33  32  30
   A  -2   0   0   6  12  12  17  20  19  24  24  22  28  32  32  31
   A  -2  -1  -1   5  11  11  16  19  19  24  23  23  27  34  37  35
   G  -2  -2  -2   4  11  10  15  18  18  25  23  22  26  33  40  38
   T  -2  -2  -2   3  10  17  15  17  23  24  31  29  28  32  39  39

F
   _   T   T   T   A   A   G   C   C   G   A   G   T   C   A   A   T
   G   0  -1  -2  -2  -2  -2   4   3   2   4   3   4   3   2   1   0
   T   0   4   4   4   3   2   2   3   2   2   3   2  10   9   8   7
   G   0   2   3   3   3   2   7   6   5   7   6   9   8   9   8   7
   A   0   1   1   2   9   9   8   7   6   5  13  12  11  10  15  14
   T   0   4   7   7   7   8   8   7   6   5  11  12  17  16  15  14
   C   0   2   5   6   6   6   7  14  13  12  11  10  15  23  22  21
   C   0   1   4   4   5   5   5  13  20  19  18  17  16  21  22  21
   A   0   0   3   3  10  11  10  11  18  19  24  23  22  21  27  28
   C   0  -1   2   2   8   9  10  15  17  17  22  23  22  27  26  26
   C   0  -1   1   1   7   8   8  16  21  20  21  21  22  27  26  25
   A   0  -1   0   0   7  13  12  14  19  20  25  24  23  25  33  32
   C   0  -1  -1  -1   5  11  12  17  20  19  23  24  23  28  31  32
   A   0  -1  -2  -2   5  11  10  15  18  19  24  23  23  26  34  37
   A   0  -1  -2  -2   4  11  10  14  17  17  25  24  23  25  32  40
   G   0  -1  -2  -2   2   9  17  16  16  23  23  31  30  29  31  38
   T   0   4   4   4   3   8  15  16  15  21  22  29  37  36  35  37

V
   _   T   T   T   A   A   G   C   C   G   A   G   T   C   A   A   T
   G   0   0   0   0   0   6   4   3   6   4   6   4   3   2   1   0
   T   6   6   6   4   3   4   5   3   4   5   4  12  10   9   8   7
   G   4   5   5   5   3   9   7   6   9   7  11  10  11   9   8   7
   A   3   3   4  11  11   9   8   7   7  15  13  12  11  17  15  14
   T   6   9   9   9  10  10   8   7   6  13  14  19  17  16  16  21
   C   4   7   8   8   8   9  16  14  13  12  12  17  25  23  22  21
   C   3   6   6   7   7   7  15  22  20  19  18  17  23  24  22  21
   A   2   5   5  12  13  11  13  20  21  26  24  23  22  29  30  28
   C   1   4   4  10  11  12  17  19  19  24  25  23  29  27  28  29
   C   0   3   3   9  10  10  18  23  21  23  23  24  29  28  27  27
   A   0   2   2   9  15  13  16  21  22  27  25  24  27  35  34  32
   C   0   1   1   7  13  14  19  22  20  25  26  24  30  33  34  33
   A   0   0   0   7  13  12  17  20  21  26  24  25  28  36  39  37
   A   0   0   0   6  13  12  16  19  19  27  25  24  27  34  42  40
   G   0   0   0   4  11  19  17  18  25  25  33  31  30  33  40  41
   T   6   6   6   4  10  17  18  17  23  24  31  39  37  36  39  46

A[3], B[3] : 46
======
